#  npart(1)  nvpart(2)      Xc(3)          Yc(4)          Zc(5)      VXc(6)   VYc(7)   VZc(8)    Mvir(9)      Rvir(10) Vmax(11)   Rmax(12) sigV(13) lambda(14)    Lx(15)       Ly(16)       Lz(17)       a(18)     Eax(19)    Eay(20)    Eaz(21)     b(22)     Ebx(23)    Eby(24)    Ebz(25)     c(26)     Ecx(27)    Ecy(28)    Ecz(29) ovdens(30)  Redge(31) nbins(32)
    761487     761487    22.50072034    17.32432091    35.23453137    15.88    60.79   118.02  2.17685e+14    1241.68   910.10     758.61  1087.55   0.015192      -0.8915      -0.2552      -0.3743   1.000000  -0.464608   0.374555   0.802401   0.567549   0.782203  -0.251164   0.570154   0.517611   0.415088   0.892539  -0.176285   362.25    1241.67     35
    481290     481290    11.36375947    20.91214212     4.72716686    65.50    68.33  -160.22  1.37585e+14    1065.60   913.95     244.80   919.24   0.017015      -0.8976      0.04373       0.4386   1.000000   0.541010  -0.674283   0.502643   0.839771  -0.757153  -0.130337   0.640103   0.655458   0.366098   0.726880   0.581049   362.24    1065.59     34
    251453     251453    22.73871514    17.09680261    34.87547477    -2.76    65.30   135.09  7.18823e+13     442.19  1044.26     241.09  1245.35   0.012524      -0.5087       -0.435      -0.7429   1.000000  -0.447539   0.177833   0.876404   0.653279   0.760723  -0.439495   0.477645   0.569457   0.470116   0.880466   0.061409  2648.47      60.48     32
    156782     156782     9.90259467    23.63738683     1.36742779    71.14  -168.27    88.86  4.48189e+13     733.21   528.12     608.23   613.53   0.079585       0.9347      0.01488       0.3551   1.000000   0.220730   0.936973  -0.270852   0.502953  -0.294018   0.328706   0.897500   0.453506   0.929963  -0.118470   0.348042   362.23     733.19     31
    143185     143185    37.52201391    29.55553776     2.97067482   -55.63   -81.18  -146.19   4.0932e+13     711.35   629.75      95.06   622.56   0.015620     -0.04536        0.359      -0.9322   1.000000   0.796976   0.273410  -0.538587   0.878753   0.294103   0.603182   0.741401   0.735302  -0.527572   0.749279  -0.400311   362.25     711.35     30
    136942     136942    39.47019988    14.51066214     6.32621862  -117.36    90.86   -77.90  3.91473e+13     700.89   627.92     137.22   606.11   0.009069       0.5319        0.812      -0.2402   1.000000  -0.556391  -0.317032   0.768062   0.884711   0.760253   0.178800   0.624537   0.738510  -0.335328   0.931408   0.141542   362.20     700.87     30
    120194     120194    25.37073302    18.02872871     8.39457848  -182.03   190.67    75.88  3.43596e+13     671.04   575.05     120.10   741.93   0.100582       0.6983       0.5957      -0.3969   1.000000   0.369639   0.043270   0.928167   0.515531   0.929001   0.002127  -0.370070   0.466314  -0.017987   0.999061  -0.039412   362.25     671.04     30
    114881     114881    23.79402534     6.42582760    25.60056861    73.81   234.51    72.78  3.28408e+13     661.01   489.69     430.50   551.89   0.022692       0.3382      -0.3005      -0.8918   1.000000   0.645153   0.618082  -0.449169   0.717312   0.719916  -0.294834   0.628326   0.642787  -0.255926   0.728730   0.635181   362.24     661.00     30
    111670     111670    16.13768641    23.75514783    14.30901291    35.77  -138.74  -126.47  3.19228e+13     654.80   521.62     339.73   571.29   0.011618        0.217        0.864       0.4543   1.000000   0.048987   0.725397   0.686586   0.723398  -0.404289  -0.614179   0.677742   0.622886   0.913318  -0.310780   0.263184   362.22     654.79     30
    107253     107253    27.21334205    17.59045907    24.00751631  -170.23  -224.39    64.56  3.06602e+13     646.04   541.31     195.24   566.87   0.059303       0.2531      -0.9582        0.133   1.000000   0.826646   0.066396  -0.558791   0.812410  -0.298920   0.893138  -0.336083   0.668396   0.476763   0.444856   0.758156   362.24     646.04     30
    106297     106297    36.50376402    26.32764549     1.88456347   -99.35   154.50    81.56  3.03869e+13     644.12   501.43     232.51   527.82   0.014313       0.2232       0.9736     -0.04773   1.000000   0.518625   0.855001  -0.000687   0.761480  -0.512561   0.311552   0.800135   0.707658   0.684331  -0.414618   0.599819   362.24     644.11     30
    105726     105726    17.97823874    12.27780288    35.29022729   248.26   315.44    -8.15  3.02236e+13     642.96   544.72     189.98   538.51   0.011319      -0.4337       0.4281      -0.7929   1.000000   0.722044   0.649676   0.237853   0.811571  -0.449577   0.179287   0.875064   0.711516  -0.525864   0.738767  -0.421533   362.25     642.96     30
     97523      97523    26.04090208    17.94437554     3.01889448  -109.18  -123.70   -63.20  2.78787e+13     625.90   497.45      82.04   530.82   0.050927       0.1143       0.1889       0.9753   1.000000  -0.092944   0.941592  -0.323675   0.813353  -0.755874   0.144870   0.638488   0.734263   0.648086   0.304001   0.698260   362.22     625.88     29
     87925      87925    26.88797383    16.33851270    23.96336416   -81.93   304.20   164.33  2.51349e+13     604.63   516.38      78.77   568.41   0.031413      -0.7459       0.6224      -0.2373   1.000000   0.601998   0.612887  -0.511828   0.773143   0.081706   0.590344   0.803005   0.587757   0.794306  -0.525227   0.305310   362.25     604.63     29
     86114      86114    25.93723572    12.20138945    27.65440620  -115.65   196.68   113.92  2.46172e+13     600.48   514.31     143.72   519.07   0.011646       0.5027      -0.4388       0.7448   1.000000  -0.123121   0.405048   0.905968   0.748970   0.853953   0.508326  -0.111215   0.634274   0.505574  -0.759961   0.408477   362.20     600.46     29
     84746      84746    30.39493596    23.54174890     2.37958809    49.55   -88.79   -22.55  2.42261e+13     597.27   495.61     250.12   515.06   0.018770       0.4495       0.4292      -0.7835   1.000000   0.851398  -0.433102   0.295878   0.990586   0.179865   0.770962   0.610955   0.953687  -0.492717  -0.466948   0.734296   362.22     597.26     29
     84462      84462    17.01139310    18.82147438    38.04616572   311.73    62.38   118.59   2.4145e+13     596.66   588.84     104.76   627.67   0.044539       0.8677        -0.26       0.4236   1.000000  -0.060385   0.989196   0.133588   0.882739   0.789505   0.129222  -0.599987   0.698858   0.610767  -0.069238   0.788778   362.13     596.61     29
     66349      66349    25.19660808    18.13354512     8.86840958   278.33   -39.67  -519.22   1.8967e+13     550.50   670.40     112.55   781.25   0.013891      -0.2707       0.6852       0.6762   1.000000   0.021317  -0.503377   0.863804   0.768793  -0.827048   0.476564   0.298125   0.492886   0.561727   0.720762   0.406158   362.19     550.49     28
     59585      59585    30.56054951    30.19106223    32.10549031  -102.62    79.67   187.21  1.70334e+13     531.10   403.14     264.11   497.31   0.057164       0.6569      0.08186       0.7495   1.000000  -0.068490   0.994404   0.080440   0.829798  -0.367897  -0.100122   0.924461   0.622561   0.927341   0.033723   0.372695   362.23     531.09     28
