#  npart(1)  nvpart(2)      Xc(3)          Yc(4)          Zc(5)      VXc(6)   VYc(7)   VZc(8)    Mvir(9)      Rvir(10) Vmax(11)   Rmax(12) sigV(13) lambda(14)    Lx(15)       Ly(16)       Lz(17)       a(18)     Eax(19)    Eay(20)    Eaz(21)     b(22)     Ebx(23)    Eby(24)    Ebz(25)     c(26)     Ecx(27)    Ecy(28)    Ecz(29) ovdens(30)  Redge(31) nbins(32)
    761487     761487    22.50072034    17.32432091    35.23453137    15.88    60.79   118.02  2.17685e+14    1241.68   910.10     758.61  1087.55   0.015192      -0.8915      -0.2552      -0.3743   1.000000  -0.464608   0.374555   0.802401   0.567549   0.782203  -0.251164   0.570154   0.517611   0.415088   0.892539  -0.176285   362.25    1241.67     35
    481290     481290    11.36375947    20.91214212     4.72716686    65.50    68.33  -160.22  1.37585e+14    1065.60   913.95     244.80   919.24   0.017015      -0.8976      0.04373       0.4386   1.000000   0.541010  -0.674283   0.502643   0.839771  -0.757153  -0.130337   0.640103   0.655458   0.366098   0.726880   0.581049   362.24    1065.59     34
    251453     251453    22.73871514    17.09680261    34.87547477    -2.76    65.30   135.09  7.18823e+13     442.19  1044.26     241.09  1245.35   0.012524      -0.5087       -0.435      -0.7429   1.000000  -0.447539   0.177833   0.876404   0.653279   0.760723  -0.439495   0.477645   0.569457   0.470116   0.880466   0.061409  2648.47      60.48     32
    156782     156782     9.90259467    23.63738683     1.36742779    71.14  -168.27    88.86  4.48189e+13     733.21   528.12     608.23   613.53   0.079585       0.9347      0.01488       0.3551   1.000000   0.220730   0.936973  -0.270852   0.502953  -0.294018   0.328706   0.897500   0.453506   0.929963  -0.118470   0.348042   362.23     733.19     31
    143185     143185    37.52201391    29.55553776     2.97067482   -55.63   -81.18  -146.19   4.0932e+13     711.35   629.75      95.06   622.56   0.015620     -0.04536        0.359      -0.9322   1.000000   0.796976   0.273410  -0.538587   0.878753   0.294103   0.603182   0.741401   0.735302  -0.527572   0.749279  -0.400311   362.25     711.35     30
    136942     136942    39.47019988    14.51066214     6.32621862  -117.36    90.86   -77.90  3.91473e+13     700.89   627.92     137.22   606.11   0.009069       0.5319        0.812      -0.2402   1.000000  -0.556391  -0.317032   0.768062   0.884711   0.760253   0.178800   0.624537   0.738510  -0.335328   0.931408   0.141542   362.20     700.87     30
    120194     120194    25.37073302    18.02872871     8.39457848  -182.03   190.67    75.88  3.43596e+13     671.04   575.05     120.10   741.93   0.100582       0.6983       0.5957      -0.3969   1.000000   0.369639   0.043270   0.928167   0.515531   0.929001   0.002127  -0.370070   0.466314  -0.017987   0.999061  -0.039412   362.25     671.04     30
    114881     114881    23.79402534     6.42582760    25.60056861    73.81   234.51    72.78  3.28408e+13     661.01   489.69     430.50   551.89   0.022692       0.3382      -0.3005      -0.8918   1.000000   0.645153   0.618082  -0.449169   0.717312   0.719916  -0.294834   0.628326   0.642787  -0.255926   0.728730   0.635181   362.24     661.00     30
    111670     111670    16.13768641    23.75514783    14.30901291    35.77  -138.74  -126.47  3.19228e+13     654.80   521.62     339.73   571.29   0.011618        0.217        0.864       0.4543   1.000000   0.048987   0.725397   0.686586   0.723398  -0.404289  -0.614179   0.677742   0.622886   0.913318  -0.310780   0.263184   362.22     654.79     30
    107253     107253    27.21334205    17.59045907    24.00751631  -170.23  -224.39    64.56  3.06602e+13     646.04   541.31     195.24   566.87   0.059303       0.2531      -0.9582        0.133   1.000000   0.826646   0.066396  -0.558791   0.812410  -0.298920   0.893138  -0.336083   0.668396   0.476763   0.444856   0.758156   362.24     646.04     30
    106297     106297    36.50376402    26.32764549     1.88456347   -99.35   154.50    81.56  3.03869e+13     644.12   501.43     232.51   527.82   0.014313       0.2232       0.9736     -0.04773   1.000000   0.518625   0.855001  -0.000687   0.761480  -0.512561   0.311552   0.800135   0.707658   0.684331  -0.414618   0.599819   362.24     644.11     30
    105726     105726    17.97823874    12.27780288    35.29022729   248.26   315.44    -8.15  3.02236e+13     642.96   544.72     189.98   538.51   0.011319      -0.4337       0.4281      -0.7929   1.000000   0.722044   0.649676   0.237853   0.811571  -0.449577   0.179287   0.875064   0.711516  -0.525864   0.738767  -0.421533   362.25     642.96     30
     97523      97523    26.04090208    17.94437554     3.01889448  -109.18  -123.70   -63.20  2.78787e+13     625.90   497.45      82.04   530.82   0.050927       0.1143       0.1889       0.9753   1.000000  -0.092944   0.941592  -0.323675   0.813353  -0.755874   0.144870   0.638488   0.734263   0.648086   0.304001   0.698260   362.22     625.88     29
     87925      87925    26.88797383    16.33851270    23.96336416   -81.93   304.20   164.33  2.51349e+13     604.63   516.38      78.77   568.41   0.031413      -0.7459       0.6224      -0.2373   1.000000   0.601998   0.612887  -0.511828   0.773143   0.081706   0.590344   0.803005   0.587757   0.794306  -0.525227   0.305310   362.25     604.63     29
     86114      86114    25.93723572    12.20138945    27.65440620  -115.65   196.68   113.92  2.46172e+13     600.48   514.31     143.72   519.07   0.011646       0.5027      -0.4388       0.7448   1.000000  -0.123121   0.405048   0.905968   0.748970   0.853953   0.508326  -0.111215   0.634274   0.505574  -0.759961   0.408477   362.20     600.46     29
     84746      84746    30.39493596    23.54174890     2.37958809    49.55   -88.79   -22.55  2.42261e+13     597.27   495.61     250.12   515.06   0.018770       0.4495       0.4292      -0.7835   1.000000   0.851398  -0.433102   0.295878   0.990586   0.179865   0.770962   0.610955   0.953687  -0.492717  -0.466948   0.734296   362.22     597.26     29
     84462      84462    17.01139310    18.82147438    38.04616572   311.73    62.38   118.59   2.4145e+13     596.66   588.84     104.76   627.67   0.044539       0.8677        -0.26       0.4236   1.000000  -0.060385   0.989196   0.133588   0.882739   0.789505   0.129222  -0.599987   0.698858   0.610767  -0.069238   0.788778   362.13     596.61     29
     66349      66349    25.19660808    18.13354512     8.86840958   278.33   -39.67  -519.22   1.8967e+13     550.50   670.40     112.55   781.25   0.013891      -0.2707       0.6852       0.6762   1.000000   0.021317  -0.503377   0.863804   0.768793  -0.827048   0.476564   0.298125   0.492886   0.561727   0.720762   0.406158   362.19     550.49     28
     59585      59585    30.56054951    30.19106223    32.10549031  -102.62    79.67   187.21  1.70334e+13     531.10   403.14     264.11   497.31   0.057164       0.6569      0.08186       0.7495   1.000000  -0.068490   0.994404   0.080440   0.829798  -0.367897  -0.100122   0.924461   0.622561   0.927341   0.033723   0.372695   362.23     531.09     28
     58921      58921    34.32572947    27.22768699     3.29918660   140.59  -109.42  -192.05  1.68436e+13     529.11   474.06      94.57   456.33   0.016418       0.4254       0.3254       0.8445   1.000000  -0.568032   0.780459   0.261195   0.907293  -0.174275  -0.424234   0.888625   0.839919   0.804343   0.459248   0.376993   362.25     529.11     28
     52616      52616     1.75528417    28.02482671     2.08253238  -121.00    41.72   -35.64  1.50412e+13     509.60   444.03     123.63   430.64   0.020837       0.6228      -0.7823      0.01135   1.000000   0.727126  -0.449766   0.518650   0.952329  -0.672984  -0.317801   0.667903   0.860496   0.135572   0.834693   0.533767   362.08     509.55     28
     50329      50329     4.57241950     3.28125705    30.04196651    17.71   -29.42    11.72  1.43874e+13     502.03   357.62     426.01   443.66   0.013687       0.5857       0.8102      0.02349   1.000000   0.943755  -0.070726   0.322993   0.726811  -0.266039   0.417638   0.868793   0.406484   0.196341   0.905857  -0.375332   362.24     502.03     28
     50290      50290     1.45664202    32.34538024     0.70954975  -143.45  -159.26   127.39  1.43763e+13     501.91   436.56     131.44   423.46   0.008675       -0.546       0.3812      -0.7461   1.000000   0.974042   0.226089  -0.011271   0.913397  -0.186892   0.831271   0.523507   0.772499   0.127729  -0.507811   0.851947   362.22     501.90     28
     49914      49914    33.65518697    37.69324348    38.41157235   -43.00  -173.07    -0.78  1.42688e+13     500.66   588.16     115.07   653.54   0.018610      -0.6051      -0.6626      -0.4414   1.000000  -0.461119   0.759194   0.459341   0.803776  -0.195740  -0.591939   0.781853   0.752475   0.865480   0.270616   0.421559   362.21     500.65     28
     49027      49027    25.99972797    24.90962512    21.88961260    47.36  -157.54    62.14  1.40152e+13     497.81   486.65      81.46   539.83   0.035347       0.6559      -0.3431       0.6723   1.000000   0.294101   0.862082   0.412698   0.745528  -0.881862   0.078258   0.464967   0.584146   0.368543  -0.500690   0.783253   361.92     497.74     28
     47907      47907    10.03175987    24.12837193     1.26465380  -110.59  -367.45   333.38  1.36951e+13     367.60   495.55     147.24   557.92   0.039196       0.8514      -0.3688       -0.373   1.000000   0.490577   0.827342   0.273570   0.785530  -0.719694   0.207682   0.662502   0.633030   0.491300  -0.521894   0.697317   878.29     151.62     28
     47474      47474    25.96680645    21.21182792    10.03266982   -35.94  -291.51  -165.20  1.35713e+13     492.37   376.22     157.22   400.31   0.031526       0.9832       0.1554      0.09572   1.000000   0.853673  -0.297656   0.427369   0.782002   0.480686   0.766150  -0.426562   0.689922  -0.200460   0.569574   0.797120   362.21     492.35     28
     46173      46173    35.54457575    34.89505492    39.17728224   -26.93   -62.37   -67.31  1.31994e+13     487.83   530.78      90.52   568.53   0.029583      -0.9106      -0.2756       0.3079   1.000000   0.134874  -0.156482   0.978428   0.904644  -0.464673   0.862148   0.201940   0.863377   0.875150   0.481886  -0.043569   362.20     487.82     27
     45460      45460    32.02789082    32.15714416    34.48362329   -55.61   -92.94   -51.13  1.29955e+13     485.29   491.45     111.43   506.35   0.031007       0.3638       0.5491      -0.7525   1.000000   0.871662  -0.345941   0.347174   0.783727  -0.052804   0.637953   0.768263   0.701599   0.487254   0.687998  -0.537812   362.23     485.29     27
     43455      43455    25.36630596    17.63831101     1.52025535    43.48   -44.68    57.07  1.24224e+13     478.05   404.51      78.66   481.59   0.092422      -0.1959      0.07485      -0.9778   1.000000   0.986135  -0.152977  -0.064318   0.651807   0.132076   0.958163  -0.253928   0.541683   0.100472   0.241912   0.965082   362.23     478.05     27
     42546      42546    24.55785841    38.07361186    26.90691961   262.31    40.06   182.55  1.21625e+13     474.71   387.91     194.52   422.41   0.040084        0.959      -0.2472      -0.1385   1.000000  -0.032920   0.247756   0.968263   0.802079  -0.239012   0.938727  -0.248324   0.706431   0.970458   0.239602  -0.028314   362.20     474.69     27
     40168      40168    22.40390828     6.89390245    32.84532022    61.20   191.81   -17.66  1.14827e+13     465.69   462.76      84.24   456.27   0.008724       0.2205       0.9294       0.2959   1.000000   0.810899  -0.559178   0.172521   0.903461   0.538998   0.598898  -0.592286   0.665004   0.227871   0.573273   0.787041   362.20     465.68     27
     40029      40029    29.84238445    27.12646475    28.52059894   -97.29   -56.70   153.76   1.1443e+13     465.14   456.89      52.40   410.19   0.012212       0.4952       0.8176      -0.2939   1.000000   0.347868   0.876831  -0.331896   0.930465   0.903479  -0.218962   0.368485   0.867569  -0.250426   0.428046   0.868369   362.23     465.14     27
     38119      38119    12.69679789    24.31953508    10.67577011    47.80  -195.62  -143.93   1.0897e+13     457.62   320.01     457.62   368.39   0.018253        0.971     0.006384       0.2391   1.000000   0.083440  -0.497681   0.863337   0.502340   0.684196   0.658493   0.313470   0.460137  -0.724509   0.564536   0.395456   362.25     457.61     27
     33886      33886     8.67871734    25.72641300     0.16293950   107.40  -294.40   329.85  9.68691e+12     440.02   319.52     352.05   405.97   0.039803       0.7254       0.5182        0.453   1.000000  -0.570644   0.142975   0.808655   0.583179   0.447166  -0.771831   0.452016   0.491270   0.688772   0.619544   0.376508   362.21     440.01     27
     33532      33532    26.53933499    12.95413497    28.63042153  -444.50    12.82   -83.67  9.58572e+12     438.48   395.65      68.00   386.29   0.023606       0.8228      -0.5673      0.03453   1.000000   0.269732   0.733417   0.623975   0.741555   0.107175  -0.666832   0.737461   0.678206   0.956953  -0.132042  -0.258470   362.23     438.47     27
     32919      32919    26.58238210    17.29874534     3.56433671  -202.40   545.28   -75.74  9.41048e+12     435.80   352.79      24.91   387.24   0.039271       0.4755      -0.3997       0.7837   1.000000  -0.046062  -0.457087   0.888228   0.694793   0.927984  -0.348711  -0.131325   0.629031   0.369762   0.818213   0.440232   362.22     435.79     27
     32714      32714    21.93238759    17.67667910    36.25634071   331.28  -464.65  -539.52  9.35188e+12     434.93   428.70      42.64   467.38   0.035095         0.35      -0.8461       0.4019   1.000000  -0.382966   0.315002   0.868396   0.811251   0.672685   0.739382   0.028454   0.639418  -0.633113   0.595054  -0.495055   362.12     434.90     27
     30706      30706    19.19014518    20.08735810    38.44746103    26.44  -355.90  -168.94  8.77785e+12     425.92   315.48     295.54   381.36   0.012572      -0.7543       0.3329      -0.5659   1.000000   0.817469  -0.575959   0.003994   0.562741   0.361359   0.518259   0.775130   0.517414   0.448513   0.632202  -0.631789   361.91     425.82     26
     30552      30552    23.95607251     6.56096052    25.47444770    66.85   290.80    42.89  8.73383e+12     232.37   511.07      76.66   616.64   0.012805      -0.5257       0.6458       0.5537   1.000000  -0.276705   0.825626  -0.491708   0.834622   0.943947   0.329372   0.021849   0.792350  -0.179993   0.458101   0.870486  2217.53      37.96     26
     29676      29676    31.40873982     8.68610626     6.33475871    17.46   131.75  -107.71  8.48341e+12     421.15   454.53      69.96   508.04   0.019231      -0.7674      -0.2898      -0.5719   1.000000  -0.357462   0.933927  -0.000391   0.659528  -0.254900  -0.097161   0.962074   0.452520   0.898469   0.344005   0.272789   361.80     421.07     26
     29095      29095     6.87637710     5.58173617    32.56690625    35.63    -7.17    42.40  8.31732e+12     418.21   380.98      52.65   364.59   0.017401       0.4677      -0.2659        0.843   1.000000   0.939108   0.336439   0.069898   0.943629  -0.116936   0.121625   0.985664   0.725096  -0.323114   0.933818  -0.153560   362.24     418.21     26
     28967      28967    29.02987179    37.13761369    31.09122637   -36.18   -78.20   -16.97  8.28073e+12     417.66   323.17     262.68   352.00   0.081370      -0.3039       0.9324      -0.1958   1.000000   0.000331   0.241997   0.970277   0.747891   0.953295   0.292986  -0.073399   0.601502  -0.302039   0.924985  -0.230598   362.07     417.62     26
     28365      28365    36.68400770    10.18895604     6.97800842  -114.77   218.43   -76.41  8.10864e+12     414.92   376.28      75.81   357.55   0.014056       0.4856      -0.3237       -0.812   1.000000  -0.416998   0.720878  -0.553577   0.882772   0.628609   0.668642   0.397200   0.706283   0.656478  -0.182352  -0.731973   361.62     414.78     26
     28302      28302    18.18111113    11.61878104    14.61915935    99.22   172.53    12.93  8.09063e+12     217.91   426.72     115.66   469.69   0.027199       0.3428      -0.9179       0.1997   1.000000   0.005731  -0.447841   0.894095   0.751563   0.890734   0.408655   0.198981   0.727386  -0.454488   0.795261   0.401249  2490.82      31.69     26
     28272      28272    25.13054392    18.05790993     7.97481418  -386.74   643.03   315.16  8.08205e+12     349.16   413.67     101.42   475.33   0.028641       0.6499       0.6946       0.3085   1.000000   0.170779   0.252683   0.952358   0.744286  -0.577585   0.808748  -0.111006   0.692933   0.798267   0.531110  -0.284063   604.89     209.10     26
     27568      27568     3.46924163    28.91600902     8.29825520    11.62  -131.60  -161.61   7.8808e+12     410.77   377.19      88.52   364.89   0.009913      -0.3653      -0.9197       0.1437   1.000000   0.768771  -0.106933  -0.630520   0.896985   0.634656   0.006158   0.772770   0.741130   0.078752   0.994247  -0.072599   362.24     410.76     26
     26586      26586    12.55248582    14.88967669    21.39696257   151.51    70.56    -6.48  7.60008e+12     405.84   296.82     281.86   378.87   0.017876       0.9069       0.4213     0.003608   1.000000   0.228023   0.912889  -0.338584   0.522485  -0.549220   0.407736   0.729458   0.473260   0.803967   0.019623   0.594350   362.20     405.83     26
     24792      24792    24.30452699    32.79427768    27.57022052   150.63    13.31    32.42  7.08723e+12     396.55   388.28      89.74   410.10   0.025366      -0.7365      -0.2909      -0.6107   1.000000   0.526650  -0.650849   0.546841   0.922684   0.813780   0.571979  -0.102965   0.757909  -0.245766   0.499235   0.830881   362.07     396.51     26
     24555      24555    36.75249956    30.15330588     6.85684865   -12.89   -62.70  -316.35  7.01948e+12     249.49   434.93     113.85   495.50   0.045832       0.5824       0.6078       0.5398   1.000000   0.703741  -0.685261   0.187527   0.766028   0.633488   0.485754  -0.602275   0.688040   0.321623   0.542642   0.775950  1439.97      62.76     26
     24459      24459    13.49516450    21.28732496    21.83590100   158.53   -44.51   -63.29  6.99204e+12     394.71   282.79     329.62   365.64   0.043772      -0.8645      -0.4936      0.09431   1.000000   0.157018   0.148619   0.976349   0.493665  -0.142816   0.981638  -0.126456   0.443756   0.977215   0.119582  -0.175360   362.23     394.70     26
     23779      23779    27.68399009    36.85686917    28.11623353  -109.89    50.75   319.75  6.79765e+12     391.01   360.14      89.07   387.86   0.043005       0.2146      -0.9754      -0.0501   1.000000   0.453303  -0.058241   0.889452   0.811735   0.773021  -0.471138  -0.424815   0.566081   0.443796   0.880135  -0.168547   362.25     391.01     26
     22788      22788     4.80392476     3.26782790    30.10815280    38.45   -29.60     3.67  6.51435e+12     194.40   443.82      83.71   493.34   0.009273       0.2713       0.2928       0.9169   1.000000   0.046202   0.493913   0.868283   0.717250   0.995064   0.053661  -0.083473   0.616506  -0.087821   0.867854  -0.488996  2825.00      24.93     26
     22728      22728     5.16354972    28.33818133     8.69043476   -57.69  -147.29  -231.79   6.4972e+12     385.16   336.71      55.19   318.20   0.025088        0.255      -0.8454      -0.4693   1.000000   0.483645   0.616855  -0.620949   0.948305   0.768993  -0.638292  -0.035130   0.924574   0.418017   0.460515   0.783063   362.25     385.16     26
     22241      22241    37.96404473     0.13248806     6.63288676   -95.07    -5.06   -92.45  6.35798e+12     382.45   309.78     103.12   313.21   0.025514      -0.6247       0.5196      -0.5829   1.000000   0.091971   0.956733  -0.276050   0.962809  -0.592487   0.275389   0.757047   0.861154   0.800313   0.093930   0.592179   362.09     382.40     26
     22109      22109    31.03563271    31.28828287    33.14445285   -89.30     5.06    14.14  6.32025e+12     381.70   278.87     258.63   323.98   0.035220      -0.9701      -0.2205      -0.1011   1.000000   0.704334  -0.443509   0.554269   0.703434   0.041740   0.805328   0.591358   0.649710   0.708641   0.393378  -0.585732   362.05     381.64     26
     21266      21266    35.86307024     4.55566419    14.65085551   -73.38    52.64   -71.28  6.07926e+12     376.73   394.33      61.29   417.71   0.035928      -0.5658      -0.8072        0.168   1.000000   0.683513  -0.443279  -0.579925   0.724247   0.314780   0.895816  -0.313730   0.709882   0.658576   0.031889   0.751838   362.23     376.72     25
     20898      20898    18.46927236    20.15625711    38.76706693   224.64  -410.67    96.65  5.97406e+12     374.54   313.03      52.01   327.53   0.033082       0.1189       0.9851      -0.1241   1.000000  -0.618995   0.035562   0.784589   0.841780   0.669745  -0.497884   0.550957   0.688064   0.410228   0.866514   0.284370   362.23     374.53     25
     20869      20869    33.53802631     3.17821624    22.43469679  -141.02    15.95    69.68  5.96577e+12     374.39   291.47      58.65   296.62   0.046108     -0.01289    -0.006975      -0.9999   1.000000  -0.466025   0.859620   0.209461   0.605811  -0.064579  -0.269157   0.960929   0.427129   0.882412   0.434290   0.180948   362.15     374.36     25
     20752      20752     2.75365071    32.81731529     2.93975817  -214.44  -201.67  -183.43  5.93233e+12     373.66   280.07     243.15   331.41   0.034560       0.9709      -0.2394      0.01013   1.000000  -0.151073   0.382754   0.911415   0.592056   0.131019   0.921616  -0.365320   0.516867   0.979801  -0.064222   0.189379   362.25     373.66     25
     20692      20692    16.10844038    23.60463206    14.18525961    13.57  -136.64  -102.43  5.91517e+12     147.65   480.86      92.00   610.59   0.021522       0.9737       0.1144        0.197   1.000000  -0.004443   0.686378   0.727231   0.692070   0.847796   0.388247  -0.361257   0.661120  -0.530304   0.614939  -0.583633  5854.40       9.14     25
     20654      20654    27.52747413    37.45249065    27.70676430   181.45   -94.78    34.51  5.90431e+12     373.25   287.72     238.32   321.90   0.050629       0.2198       0.5632       0.7966   1.000000   0.538297   0.467059  -0.701493   0.731746  -0.741173   0.658552  -0.130277   0.554902   0.401123   0.590055   0.700668   361.71     373.13     25
     20394      20394    26.29345753    19.38481468    20.67964713   146.09  -148.14   107.82  5.82999e+12     371.65   279.43      40.31   326.74   0.069103       0.4502      -0.3666      -0.8142   1.000000   0.925748   0.374728  -0.050686   0.657674  -0.356305   0.819529  -0.448797   0.530214  -0.126638   0.433532   0.892195   361.81     371.55     25
     20313      20313    39.74934180    35.05675203    39.29622012  -175.86  -235.04   107.06  5.80683e+12     241.77   347.03     118.77   390.10   0.009281       0.3898       0.8505      -0.3532   1.000000   0.362794  -0.068897   0.929319   0.747674  -0.305905   0.933193   0.188605   0.586457   0.880229   0.352708  -0.317481  1309.02      66.91     25
     20289      20289    22.41773878     6.58979777    24.50420903   357.56   149.52   176.95  5.79997e+12     370.86   280.05     235.82   331.68   0.059122       0.9568      -0.1986      -0.2124   1.000000   0.481075  -0.012307   0.876593   0.684201  -0.326722   0.925351   0.192297   0.610424   0.813523   0.378912  -0.441142   362.24     370.86     25
     19261      19261    30.80825390    32.44012489    32.48161101    46.37  -206.81   206.22   5.5061e+12     364.56   344.61      23.22   321.19   0.022323       0.4338      -0.2981       0.8503   1.000000   0.576658  -0.549705   0.604393   0.926161  -0.681857   0.083687   0.726682   0.905872   0.450041   0.831156   0.326562   362.04     364.51     25
     18325      18325     2.41249435    30.86852091     0.62331727  -285.12   -91.16    -9.76  5.23853e+12     358.50   250.68     358.50   314.15   0.059358       0.8804       0.4538       0.1376   1.000000   0.401947  -0.554863   0.728399   0.470791  -0.185499   0.729651   0.658179   0.432950   0.896676   0.399670  -0.190355   362.20     358.48     25
     17733      17733    24.19501954     7.41326311    25.55604495    47.23  -267.74    39.19  5.06929e+12     354.62   342.80      51.46   345.31   0.008733      -0.3183       0.8369       0.4454   1.000000  -0.333332   0.926256   0.175894   0.796583   0.935880   0.347651  -0.057167   0.596287   0.114101  -0.145561   0.982748   362.12     354.60     25
     17419      17419    12.31479412     2.22641223    35.92737551    54.95    74.27   -39.16  4.97953e+12     352.55   315.80     132.08   341.90   0.022087       0.1241       0.8994       0.4192   1.000000   0.920005   0.186672  -0.344594   0.889592  -0.327718   0.848639  -0.415227   0.678666   0.214924   0.494940   0.841928   362.01     352.51     25
     17311      17311    12.44701582    39.23336530    21.98702662   109.68     6.97    47.67  4.94866e+12     351.76   253.54     292.01   306.15   0.034279      -0.2369      -0.2426      -0.9408   1.000000   0.721695  -0.573176   0.388105   0.528529  -0.630439  -0.312740   0.710451   0.508935   0.285838   0.757405   0.587055   362.20     351.75     25
     17287      17287    29.48437309    16.01558563     5.66568268  -270.62   138.04   -98.88  4.94179e+12     351.62   270.45     182.18   333.55   0.026146      0.03078       0.6931      -0.7202   1.000000   0.208581   0.480215   0.851990   0.596861   0.814885   0.396372  -0.422908   0.567181   0.540792  -0.782485   0.308645   362.13     351.59     25
     17039      17039    30.78340159    35.36649958    16.82948707    33.87   -59.93    64.50   4.8709e+12     349.95   259.79     217.97   294.57   0.056365       0.3517      0.08165      -0.9326   1.000000   0.304898   0.812676   0.496584   0.692305   0.663702  -0.555256   0.501189   0.537593   0.683035   0.176772  -0.708671   362.09     349.91     25
     17035      17035    37.31688236     2.48413976     7.61596112  -111.66  -102.64  -166.40  4.86976e+12     349.92   318.40      82.10   334.35   0.023308      -0.5948      -0.1837       0.7826   1.000000  -0.387823   0.779328   0.492181   0.730991   0.828660   0.528621  -0.184070   0.653099   0.403628  -0.336464   0.850809   362.10     349.89     25
     16874      16874    31.01172592    24.30106321    29.65257977  -287.02    54.36    79.78  4.82373e+12     348.76   248.86     281.35   309.85   0.015614      -0.4292      -0.8724      -0.2338   1.000000   0.071956   0.918205   0.389514   0.528401   0.898970  -0.228873   0.373456   0.446642  -0.432059  -0.323290   0.841908   362.25     348.76     25
     16660      16660     2.99593922    27.78302872     0.40913117   -79.16    69.35   331.66  4.76256e+12     347.29   294.25      88.43   280.42   0.016110       0.3406       0.8915       0.2989   1.000000   0.681952   0.487451  -0.545282   0.895559  -0.571676   0.820275   0.018318   0.661568   0.456210   0.299232   0.838053   362.22     347.28     25
     15550      15550    39.63820192    30.87127689    19.89439376   -72.73   -19.18   -42.64  4.44524e+12     339.41   317.58      44.44   292.72   0.006148      -0.5952       0.7812       0.1882   1.000000  -0.338075   0.220162   0.915005   0.727355   0.662045   0.746644   0.064960   0.668285   0.668881  -0.627735   0.398179   362.20     339.39     25
     15125      15125    12.70265750    38.48380107    18.29099248    40.73   -12.12    77.37  4.32375e+12     336.31   287.30      37.88   278.00   0.019669       0.0718       0.2296      -0.9706   1.000000   0.355783   0.365400   0.860175   0.762466   0.679371  -0.733163   0.030447   0.683121   0.641774   0.573545  -0.509089   362.12     336.28     25
     15048      15048    22.62953854    16.98199305    33.69429180  -358.55   284.16   253.87  4.30174e+12     335.72   344.74      36.87   365.34   0.034683      0.09579      -0.2993       0.9493   1.000000   0.784873   0.335456   0.521002   0.894945  -0.557013   0.013558   0.830393   0.690205  -0.271496   0.941958  -0.197495   362.16     335.71     25
     14989      14989    12.59611773    15.07096034    21.33397083   151.48    80.12     0.96  4.28487e+12     137.01   409.39      49.36   443.31   0.010922        0.649       0.7582     -0.06266   1.000000   0.144823  -0.615654   0.774594   0.819858  -0.474406   0.643794   0.600391   0.789559   0.868312   0.454422   0.198833  5307.43       9.35     25
     14947      14947    12.72108684    24.15141944    10.93569212    62.11  -216.00  -138.42  4.27286e+12     158.32   361.94      82.32   421.03   0.006410       -0.341     0.002684      -0.9401   1.000000   0.261612   0.840457   0.474543   0.951674  -0.855531  -0.025672   0.517115   0.858509   0.446795  -0.541270   0.712321  3430.15      16.72     25
     14535      14535    30.02061409     9.21352800     3.80067452    34.83   176.85    44.39  4.15509e+12     331.84   239.03     206.02   262.55   0.040612       0.6493       0.5587       -0.516   1.000000   0.711888  -0.674936   0.194108   0.634347   0.277221   0.524008   0.805334   0.602504   0.645263   0.519497  -0.560142   362.23     331.84     24
     14481      14481    30.36624985    23.61084942     2.43285060    50.67   -85.39    23.95  4.13965e+12      72.57   527.11      58.21   640.55   0.014195       0.5657     -0.04064      -0.8236   1.000000   0.770208  -0.058822   0.635075   0.873097  -0.611753   0.213485   0.761697   0.794334   0.180384   0.975174  -0.128443 34513.03       0.76     24
     14216      14216    23.96591992    17.32723914    38.76430994  -340.82   309.98  -137.41   4.0639e+12     329.51   310.98      18.03   287.35   0.058353      -0.6474       0.2787      -0.7093   1.000000   0.705815  -0.308711  -0.637591   0.912594   0.386089   0.922263  -0.019143   0.784415   0.593936  -0.232655   0.770137   361.88     329.43     24
     14193      14193    17.90532828     8.40770855    18.91157617   181.65   111.87    72.41  4.05732e+12     329.38   283.85     116.78   275.62   0.047075      -0.7651       0.6127      -0.1982   1.000000   0.743126   0.612703   0.268994   0.824329  -0.202854  -0.176800   0.963116   0.761914  -0.637662   0.770283   0.007095   361.70     329.29     24
     14167      14167    28.38498062    23.87198456     9.43732021   -54.28  -243.65  -100.94  4.04989e+12     329.04   295.19      30.67   294.41   0.071928     -0.09434     -0.04924      -0.9943   1.000000  -0.412028   0.910530   0.034180   0.872872   0.846307   0.396328  -0.355935   0.574219   0.337636   0.117729   0.933885   362.16     329.03     24
     14064      14064     6.85231688    27.08913977     9.36353404   -84.96  -147.52  -187.34  4.02044e+12     328.56   336.07      44.76   331.90   0.031114       0.0409       0.2806      -0.9589   1.000000  -0.460631   0.882567   0.094314   0.871495   0.872049   0.430204   0.233357   0.713599  -0.165379  -0.189738   0.967806   361.11     328.40     24
     13842      13842    25.75076143    39.14670800    27.48117564   -79.22  -217.15    45.71  3.95698e+12     180.09   345.79      30.10   374.30   0.029464      0.05988      -0.9071       0.4166   1.000000   0.825340  -0.479873  -0.297549   0.884296   0.563335   0.664079   0.491582   0.784150  -0.038301  -0.573343   0.818420  2158.34      30.23     24
     13669      13669     4.25787675    35.40526240     5.81780482  -158.40  -150.56   -61.82  3.90753e+12     325.13   286.92      42.88   268.85   0.037140       0.1603       0.5794      -0.7991   1.000000  -0.126561   0.984566   0.120879   0.843959   0.874289   0.053148   0.482487   0.730238  -0.468616  -0.166747   0.867522   362.17     325.12     24
     13658      13658    36.33298776    33.87451475     8.90008620    44.78  -200.38  -214.07  3.90438e+12     325.08   234.87      10.65   274.11   0.051557       0.1367       0.9887     -0.06219   1.000000   0.231340   0.109649   0.966674   0.430055   0.970871   0.037697  -0.236621   0.377932  -0.062386   0.993255  -0.097734   362.08     325.00     24
     13637      13637    24.59662092    19.60960470    36.26033975  -256.29  -420.25   -34.97  3.89838e+12     324.93   287.18      47.32   275.22   0.012369       0.5934       0.7356      -0.3267   1.000000   0.731272   0.516014   0.446061   0.878489  -0.639253   0.290393   0.712058   0.707543  -0.237899   0.805854  -0.542220   362.00     324.89     24
     13585      13585    30.59329039    30.07452246    32.03613348   -91.67   123.29   160.94  3.88351e+12     324.54   556.40      44.70   643.70   0.010597       0.6107      -0.2921       0.7361   1.000000  -0.434163  -0.041631   0.899872   0.827533   0.891621   0.122641   0.435856   0.640920  -0.128506   0.991578  -0.016127   361.93     324.50     24
     13444      13444    35.76600362    13.87595270     5.73978824   -23.33    49.28   -71.22  3.84321e+12     324.43   334.39      55.08   341.34   0.025076       0.9332       0.1393       0.3313   1.000000   0.416763   0.628325  -0.656899   0.808949   0.618632  -0.725534  -0.301489   0.746313   0.666036   0.280729   0.691077   358.54     323.94     24
     13038      13038    17.89292026    13.94688733    29.42712139   235.73    27.11   220.27  3.72714e+12     321.21   287.52      37.48   322.45   0.048534       0.1547      -0.5688       0.8078   1.000000   0.878079   0.475994   0.049062   0.479383   0.063741  -0.217964   0.973873   0.399369  -0.474252   0.852010   0.221729   358.26     320.57     24
     12930      12930    29.22527700    37.12516133    39.69845412   219.13   -26.35  -214.65  3.69627e+12     319.18   231.50     202.54   252.66   0.049078        0.146       0.5789       0.8022   1.000000   0.071806   0.930441  -0.359337   0.629644  -0.523988   0.341738   0.780162   0.562141   0.848693   0.132268   0.512079   362.11     319.15     24
     12912      12912     1.90465810    34.22396149    20.50564363   -73.89   -40.81    12.75  3.69112e+12     264.89   359.02      27.34   350.28   0.007770      0.07027      -0.6106       0.7888   1.000000   0.168787   0.810174   0.561363   0.661121   0.950147   0.017747  -0.311297   0.623137   0.262168  -0.585920   0.766789   632.66     151.67     24
     12809      12809    32.60190103    24.42690378    21.70835057  -176.04   -38.17    72.35  3.66168e+12     318.19   313.43      49.83   314.45   0.010626       0.7208      -0.1594      -0.6746   1.000000   0.488391   0.737109  -0.467060   0.902824  -0.561168   0.675182   0.478768   0.845884   0.668255   0.028273   0.743395   362.09     318.17     24
     12742      12742    25.40929256    38.52569440    27.42810529    64.46    10.75    69.32  3.64253e+12     293.28   277.47     116.43   319.38   0.050801       0.9612    -0.007966       0.2759   1.000000   0.252959   0.426867   0.868214   0.741927  -0.255417   0.895028  -0.365633   0.668843   0.933153   0.129267  -0.335434   460.00     230.96     24
     12524      12524    30.34228813     0.36868337    36.28539513   132.62   -82.16     6.65  3.58021e+12     315.91   307.29      76.02   307.43   0.036052       -0.558       0.6209      -0.5506   1.000000   0.762762  -0.154308  -0.627999   0.678022   0.619591   0.452505   0.641363   0.618441  -0.185205   0.878310  -0.440762   361.77     315.84     24
     12515      12515    36.45173303    26.24158715     1.90216274   -70.90   230.28    99.51  3.57763e+12      85.66   482.87      57.91   601.81   0.009826      -0.4464       0.4669       0.7634   1.000000   0.869724   0.479468  -0.117006   0.683541   0.138802  -0.010119   0.990268   0.630881  -0.473618   0.877501   0.075352 18135.67       1.71     24
     12436      12436    28.02720680    36.90921367    28.70125935  -173.99    30.24    -7.21  3.55505e+12     328.91   298.90     108.20   387.82   0.072841      0.02794      -0.1897      -0.9814   1.000000   0.703997  -0.661455   0.258583   0.734169  -0.159424   0.207621   0.965131   0.673080   0.692078   0.720674  -0.040713   318.28     322.81     24
     12152      12152    29.50381448    32.98768696    26.98404722  -121.85   -33.67   219.75  3.47386e+12     312.62   273.25      68.81   260.27   0.004762       0.9784       0.1907       0.0795   1.000000  -0.078373  -0.528206   0.845492   0.954249   0.168709   0.828841   0.533442   0.898651   0.982545  -0.184450  -0.024155   362.21     312.61     24
     12062      12062    26.08407972    17.81845317     2.01905727    95.09   535.66   -14.89  3.44814e+12     311.94   271.82      45.61   301.65   0.072495      -0.7536      -0.2027      -0.6253   1.000000   0.738624  -0.056449  -0.671751   0.583872  -0.024022   0.993651  -0.109913   0.538754   0.673690   0.097321   0.732578   361.87     311.87     24
     12057      12057    23.38179155    18.19107895    39.64288277   268.15   172.62  -333.24  3.44671e+12     311.86   284.33      48.72   267.74   0.022682      -0.2519      -0.2746       -0.928   1.000000   0.894970   0.318190  -0.312704   0.885250  -0.325456   0.945075   0.030189   0.754762   0.305135   0.074753   0.949371   362.01     311.82     24
     12012      12012    31.64361671    31.49399908    35.79155821   207.12    37.05  -203.16  3.43384e+12     311.41   262.70      46.37   251.79   0.023324      -0.2535       0.8545       0.4534   1.000000  -0.471204  -0.437373   0.765945   0.808748  -0.529004   0.835010   0.151371   0.688767   0.705777   0.333861   0.624832   362.24     311.41     24
     11840      11840    11.17061030    25.13413059    34.06345190    88.91   -84.96   284.01  3.38467e+12     309.95   249.30      25.12   249.85   0.023632      -0.4227       0.8048       0.4167   1.000000   0.247831   0.741249  -0.623803   0.841714   0.551701   0.421305   0.719811   0.787963   0.796370  -0.522544  -0.304535   362.11     309.92     24
     11635      11635     9.86853199    23.78254070     1.30492118   326.11   -85.43    -2.80  3.32607e+12     116.65   383.61      76.94   474.03   0.024354      0.05626      0.08173       0.9951   1.000000  -0.444279   0.876195  -0.186811   0.933727   0.002394   0.209681   0.977767   0.833492   0.895885   0.433954  -0.095255  6676.06       6.33     24
     11624      11624    29.16590250    10.73482512    20.87246085  -215.03   128.50   111.71  3.32293e+12     308.10   283.45      28.05   263.05   0.049078       0.4861       -0.267      -0.8321   1.000000   0.916681   0.338785   0.211946   0.896383  -0.255951   0.905049  -0.339671   0.834919  -0.306897   0.257122   0.916353   361.95     308.05     24
     11544      11544     4.21020223    12.55060723    36.40057381    32.81    79.48    87.32  3.30006e+12     307.32   329.30      22.16   318.61   0.022514      -0.4327        0.897     -0.09005   1.000000   0.883769   0.408532   0.228153   0.971248  -0.171151  -0.171575   0.970190   0.729518  -0.435499   0.896473   0.081711   362.19     307.32     24
     11439      11439    23.82719735     7.44728748    24.78947864     4.38    22.10   520.42  3.27004e+12     315.29   306.15      43.33   307.82   0.021609      -0.9909       0.1324     -0.02345   1.000000  -0.040571  -0.255749   0.965892   0.887169  -0.024520   0.966651   0.254920   0.625753   0.998876   0.013341   0.045489   332.39     311.43     24
     11418      11418    27.65177679    21.75351587    31.00063707  -247.76   -57.91    92.16  3.26404e+12     306.59   334.59      19.55   327.14   0.044386      -0.3669       0.0944       0.9255   1.000000  -0.524318   0.778726  -0.344494   0.844653   0.817362   0.573698   0.052819   0.690343  -0.238767   0.253883   0.937301   360.83     306.41     24
     11303      11303    34.28589393    24.35565722     0.96979596  -125.88   154.06   272.63  3.23116e+12     305.20   213.38     305.20   283.67   0.049271      -0.5752       0.8097      -0.1161   1.000000   0.649188   0.642012   0.407891   0.401100  -0.605319   0.111344   0.788157   0.350530  -0.460590   0.758566  -0.460905   362.10     305.11     24
